5424181301150822|04|2024|952
5424181301151580|04|2024|952
5424181301150178|04|2024|952
5424181301151838|04|2024|952
5424181301158601|04|2024|952
5424181301154220|04|2024|952
5424181301150012|04|2024|952
5424181301158775|04|2024|952
5424181301154584|04|2024|952
5424181301157785|04|2024|952
5424181301157116|04|2024|952
5424181301156738|04|2024|952
5424181301151333|04|2024|952
5424181301151242|04|2024|952
5424181301153610|04|2024|952
5424181301155573|04|2024|952
5424181301156142|04|2024|952
5424181301153578|04|2024|952
5424181301156688|04|2024|952
5424181301151150|04|2024|952
5424181301157488|04|2024|952
5424181301152307|04|2024|952
5424181301156761|04|2024|952
5424181301152430|04|2024|952
5424181301150061|04|2024|952
5424181301153826|04|2024|952
5424181301150632|04|2024|952
5424181301154170|04|2024|952
5424181301152844|04|2024|952
5424181301157850|04|2024|952
5424181301155524|04|2024|952
5424181301157017|04|2024|952
5424181301153628|04|2024|952
5424181301153131|04|2024|952
5424181301157017|04|2024|952
5424181301153883|04|2024|952
5424181301158650|04|2024|952
5424181301150640|04|2024|952
5424181301155631|04|2024|952
5424181301152851|04|2024|952
5424181301158627|04|2024|952
5424181301157538|04|2024|952
5424181301157637|04|2024|952
5424181301153131|04|2024|952
5424181301151283|04|2024|952
5424181301153065|04|2024|952
5424181301153446|04|2024|952
5424181301152851|04|2024|952
5424181301156241|04|2024|952
5424181301157470|04|2024|952
5424181301151838|04|2024|952
5424181301154451|04|2024|952
5424181301153230|04|2024|952
5424181301157264|04|2024|952
5424181301151762|04|2024|952
5424181301152851|04|2024|952
5424181301154618|04|2024|952
5424181301156258|04|2024|952
5424181301157280|04|2024|952
5424181301153768|04|2024|952
5424181301158411|04|2024|952
5424181301154774|04|2024|952
5424181301156035|04|2024|952
5424181301158452|04|2024|952
5424181301157801|04|2024|952
5424181301155086|04|2024|952
5424181301151481|04|2024|952
5424181301157058|04|2024|952
5424181301158007|04|2024|952
5424181301154477|04|2024|952
5424181301158130|04|2024|952
5424181301158080|04|2024|952
5424181301152216|04|2024|952
5424181301156688|04|2024|952
5424181301157801|04|2024|952
5424181301153628|04|2024|952
5424181301150830|04|2024|952
5424181301158486|04|2024|952
5424181301150830|04|2024|952
5424181301152315|04|2024|952
5424181301150152|04|2024|952
5424181301152885|04|2024|952
5424181301155326|04|2024|952
5424181301153222|04|2024|952
5424181301156605|04|2024|952
5424181301156431|04|2024|952
5424181301151424|04|2024|952
5424181301152844|04|2024|952
5424181301150020|04|2024|952
5424181301157512|04|2024|952
5424181301151663|04|2024|952
5424181301153578|04|2024|952
5424181301156035|04|2024|952
5424181301151101|04|2024|952
5424181301152422|04|2024|952
5424181301152174|04|2024|952
5424181301155854|04|2024|952
5424181301154675|04|2024|952
5424181301150541|04|2024|952
5424181301151481|04|2024|952
